NAME
  Id: 2
  Name: Apocalypto 2006 BRRip 720p H264-3Li
  Hash: d139bbcced45f3fb1007e8745484ac7786a10424

TRANSFER
  State: Up & Down
  Location: /var/rails/torrent_dam/public/data/downloading
  Percent Done: 5.19%
  ETA: 2 hours, 40 minutes
  Download Speed: 239.9 KB/s
  Upload Speed: 0.0 KB/s
  Have: 116.6 MB (62.5 MB verified)
  Total size: 2.2 GB (2.2 GB wanted)
  Downloaded: 116.7 MB
  Uploaded: 1.1 MB
  Ratio: 0.00
  Corrupt DL: None
  Peers: connected to 28, uploading to 1, downloading from 19

HISTORY
  Date added:      Tue Oct  5 12:55:35 2010
  Date started:    Tue Oct  5 12:55:35 2010
  Latest activity: Tue Oct  5 13:07:39 2010

TRACKER
  Latest announce: Tue Oct  5 12:58:23 2010
  Announce URL: http://tracker.publicbt.com:80/announce
  Announce response: Success
  Next announce:   Tue Oct  5 13:30:39 2010
  Latest scrape:   Tue Oct  5 12:58:23 2010
  Scrape response: Success
  Next scrape:     Tue Oct  5 13:13:39 2010
  Tracker knows of 59 seeders and 34 leechers
  Tracker has seen 2 clients complete this torrent

ORIGINS
  Date created: Wed Feb  3 15:35:37 2010
  Public torrent: Yes
  Comment: Torrent downloaded from http://thepiratebay.org
  Piece Count: 4487
  Piece Size: 524288

PIECES
  10110010 10100000 00001000 00000000 00000001 00000000 00000000 00000000 
  00000000 00000000 00000001 00000000 00000000 00000000 01000000 00000000 
  00010000 00000000 00000010 00000000 00000000 00000000 00000000 00000000 
  01000000 00000000 00000000 00000000 00000000 00000000 00000000 00000000 
  00000000 00000000 00000000 00000010 00000000 00000000 00000000 00000000 
  00000000 00000000 00000000 00000000 00000000 10000000 00000000 00000000 
  00000000 00000001 00000000 00000000 00000000 00010000 00000000 00000000 
  00000000 01000000 00000000 00000000 00000000 00000000 00000000 00000000 
  00000000 00000000 00000000 00000000 00000000 00000000 00000000 00000000 
  00000000 00000000 10000000 00001000 00000000 00000000 01000000 00000000 
  00000000 00100000 00000000 00000000 00000000 00000000 00000001 00000000 
  00000000 00000110 00000000 00000000 01000000 00000000 00000000 00000000 
  00000000 00000000 00000000 00000000 00000000 00000000 00000000 00010000 
  00000000 00000000 00000000 00000000 00000000 00000000 00000000 00000000 
  00000000 00000000 10000000 00000000 00000000 00000000 10000000 00000000 
  00000000 00000000 00000000 00000000 00000000 00000100 00001000 00000000 
  00000000 10000000 00000000 00000000 00000000 00000000 00000000 00000000 
  00000000 00000000 00010001 00000000 00000000 00000000 00000000 01000000 
  00000001 00000000 00000000 00000000 00000000 00000000 00000000 00000000 
  00000000 00000000 00000000 00000000 00000000 00000000 00000000 00000000 
  00000000 00000000 00000100 11000010 00000000 01000000 00000000 00000000 
  00000000 00000000 00000001 00010000 00000000 00000001 00000000 00000000 
  00000001 00000100 00000000 00000000 00000010 00000000 00000000 00000000 
  00000000 00000000 00000000 01000000 00000000 00000000 00000000 00000000 
  00000000 00000000 00000000 00000000 00000000 00000000 00000000 00000000 
  00000000 00000000 00000000 00000000 00001000 00000000 00000000 00100000 
  00000000 00000000 00000000 00000000 00000000 00000000 00000000 00000000 
  00000000 00000000 00000000 00000000 00000000 00000000 00000000 00001000 
  00000000 00000000 00000000 00000000 00000000 00000100 00100100 00000000 
  00000000 00000000 00000000 00000000 01000000 00000000 00000000 00000000 
  00000001 00000000 01000000 00000000 00000000 00000000 00000000 00000000 
  00000000 00000000 00000000 00100000 00000010 00000000 00000000 00000001 
  00000000 00000000 00000000 00010000 00000000 00001000 00000000 00000000 
  00000100 00000000 00100000 00000000 00000000 00000000 00000000 00000000 
  00000000 00000000 00000000 00000000 00000000 00000000 00000000 00000000 
  00100000 00000000 00000000 01000000 00000000 00000000 00000000 00000000 
  00100000 00000000 00000000 00000000 10000010 00000000 00000000 00000000 
  01000100 00000000 00000000 00000000 00000001 00000000 00000000 00000010 
  00000100 00000000 01000000 00000000 00000000 10000000 00000000 00000000 
  10000000 00000000 00000000 00000000 00000000 00000000 00000000 00000000 
  00010000 00100000 11000000 00000000 00000000 00000000 00000000 00000000 
  00000000 00000000 00000000 00000000 00010000 00000000 00000000 00000000 
  00000000 00000000 00000000 00100100 00000000 00000000 00000000 00000000 
  00000000 00000000 00000000 00001000 00000000 00000000 00000000 00000000 
  00000000 00000000 00000000 00000000 00000000 00000000 00000001 00000000 
  00000000 00000000 00000000 00000000 00000000 00000000 00000000 00000000 
  00100000 00000000 00000000 00000000 00000000 01000000 00000100 00100000 
  00000000 00000000 00100000 00000000 00000000 00000000 00010000 00000000 
  00000000 00000000 00100000 00000000 00000000 00000000 00000000 00000000 
  00000000 00000000 00000000 00000000 00000000 00000000 00000000 00000000 
  00000010 00000000 00000000 00000000 00000000 00000000 00000100 00000000 
  00000000 00000000 00000000 00000000 00000000 00000000 00000000 00000000 
  00000000 00000000 00000000 00000000 00000000 00000000 00000000 00000000 
  00000000 00100000 00000000 00000000 10000000 00000000 00000000 00000100 
  00000000 00000000 00000000 00000000 00100000 00000000 10000000 00000000 
  00000000 00000000 00000000 00001000 00000000 00000000 00000000 00000000 
  00000000 00000000 00000000 00000000 00000000 00000100 00000100 00000000 
  00000000 00000000 00000100 00000000 00000000 00001000 00010000 00000000 
  10000000 00000000 00000000 00000000 00000000 00000000 00000000 00000000 
  00000000 00000000 00000000 00000000 00000001 00000000 00000000 00000000 
  00000000 01000001 00000000 00000000 00000000 00000000 00000010 00000000 
  10000000 00000000 00000000 00000000 00000000 00000000 00000000 00000000 
  00000000 00000010 00000000 00000000 00000000 00000000 00000000 00000000 
  10000000 00000000 00000000 01000000 00010000 00000000 00000000 00000000 
  00000000 00000000 00000000 00000000 00000000 00000000 00000000 00000000 
  00000000 00000010 00000000 00000000 00000000 00000000 00000000 00000000 
  00010100 00000000 00000000 00000100 00000000 00000000 00000000 00000000 
  00000000 00000000 00000000 00000000 00000000 00000000 00000000 00000000 
  00000000 00000000 00000000 00000000 00000000 00000000 00000000 00000000 
  00000000 00000000 00000000 00000000 00000000 00000010 00010000 01100000 
  0000001 
